ТАБЛИЦА РЕЗУЛЬТАТОВ (Научный формат, 7 знаков)
==============================================================================================================

--- Метод: Recurrent ---
            T        Step_h         Ответ    Ошибка (%)
1.0000000e-01 9.0609675e-03 1.7842461e-01 6.8373847e-03
1.0000000e-01 9.0609675e-03 4.9999997e-02 7.4505805e-06
1.0000000e+00 2.8653295e-02 5.6422818e-01 6.8405238e-03
1.0000000e+00 2.8653295e-02 5.0000000e-01 0.0000000e+00
1.0000000e+02 2.8653295e-01 5.6422815e+00 6.8362980e-03
1.0000000e+02 2.8653295e-01 5.0000000e+01 0.0000000e+00
1.0000000e+04 2.8653295e+00 5.6422821e+01 6.8464400e-03
1.0000000e+04 2.8653295e+00 5.0000000e+03 0.0000000e+00
1.0000000e+00 1.1111111e+00 6.4303905e-01 1.3975704e+01
1.0000000e+00 1.1111111e+00 5.0505650e-01 1.0113001e+00
1.0000000e+00 1.0010010e-02 5.6419426e-01 8.2923899e-04
1.0000000e+00 1.0010010e-02 4.9999997e-01 5.9604645e-06
1.0000000e+00 1.0001000e-03 5.6418967e-01 1.5761074e-05
1.0000000e+00 1.0001000e-03 5.0000000e-01 0.0000000e+00

--- Метод: Close ---
            T        Step_h         Ответ    Ошибка (%)
1.0000000e-01 9.0609675e-03 1.7842463e-01 6.8457368e-03
1.0000000e-01 9.0609675e-03 5.0000001e-02 0.0000000e+00
1.0000000e+00 2.8653295e-02 5.6422824e-01 6.8510885e-03
1.0000000e+00 2.8653295e-02 5.0000000e-01 0.0000000e+00
1.0000000e+02 2.8653295e-01 5.6422825e+00 6.8532014e-03
1.0000000e+02 2.8653295e-01 4.9999996e+01 7.6293945e-06
1.0000000e+04 2.8653295e+00 5.6422817e+01 6.8396786e-03
1.0000000e+04 2.8653295e+00 4.9999995e+03 9.7656250e-06
1.0000000e+00 1.1111111e+00 6.4303905e-01 1.3975704e+01
1.0000000e+00 1.1111111e+00 5.0505650e-01 1.0113001e+00
1.0000000e+00 1.0010010e-02 5.6419420e-01 8.1867434e-04
1.0000000e+00 1.0010010e-02 4.9999997e-01 5.9604645e-06
1.0000000e+00 1.0001000e-03 5.6418967e-01 1.5761074e-05
1.0000000e+00 1.0001000e-03 5.0000000e-01 0.0000000e+00

--- Метод: Kahan ---
            T        Step_h         Ответ    Ошибка (%)
1.0000000e-01 9.0609675e-03 1.7842463e-01 6.8457368e-03
1.0000000e-01 9.0609675e-03 5.0000001e-02 0.0000000e+00
1.0000000e+00 2.8653295e-02 5.6422824e-01 6.8510885e-03
1.0000000e+00 2.8653295e-02 5.0000000e-01 0.0000000e+00
1.0000000e+02 2.8653295e-01 5.6422815e+00 6.8362980e-03
1.0000000e+02 2.8653295e-01 4.9999996e+01 7.6293945e-06
1.0000000e+04 2.8653295e+00 5.6422817e+01 6.8396786e-03
1.0000000e+04 2.8653295e+00 5.0000000e+03 0.0000000e+00
1.0000000e+00 1.1111111e+00 6.4303905e-01 1.3975704e+01
1.0000000e+00 1.1111111e+00 5.0505650e-01 1.0113001e+00
1.0000000e+00 1.0010010e-02 5.6419426e-01 8.2923899e-04
1.0000000e+00 1.0010010e-02 4.9999997e-01 5.9604645e-06
1.0000000e+00 1.0001000e-03 5.6418967e-01 1.5761074e-05
1.0000000e+00 1.0001000e-03 5.0000000e-01 0.0000000e+00

--- Метод: FMA ---
            T        Step_h         Ответ    Ошибка (%)
1.0000000e-01 9.0609675e-03 1.7842463e-01 6.8457368e-03
1.0000000e-01 9.0609675e-03 5.0000001e-02 0.0000000e+00
1.0000000e+00 2.8653295e-02 5.6422824e-01 6.8510885e-03
1.0000000e+00 2.8653295e-02 5.0000000e-01 0.0000000e+00
1.0000000e+02 2.8653295e-01 5.6422815e+00 6.8362980e-03
1.0000000e+02 2.8653295e-01 4.9999996e+01 7.6293945e-06
1.0000000e+04 2.8653295e+00 5.6422817e+01 6.8396786e-03
1.0000000e+04 2.8653295e+00 5.0000000e+03 0.0000000e+00
1.0000000e+00 1.1111111e+00 6.4303911e-01 1.3975714e+01
1.0000000e+00 1.1111111e+00 5.0505650e-01 1.0113001e+00
1.0000000e+00 1.0010010e-02 5.6419426e-01 8.2923899e-04
1.0000000e+00 1.0010010e-02 4.9999997e-01 5.9604645e-06
1.0000000e+00 1.0001000e-03 5.6418967e-01 1.5761074e-05
1.0000000e+00 1.0001000e-03 5.0000000e-01 0.0000000e+00

--- Метод: Double ---
            T        Step_h         Ответ    Ошибка (%)
1.0000000e-01 9.0609675e-03 1.7842462e-01 6.8443449e-03
1.0000000e-01 9.0609675e-03 5.0000000e-02 5.2117103e-07
1.0000000e+00 2.8653295e-02 5.6422822e-01 6.8476199e-03
1.0000000e+00 2.8653295e-02 5.0000001e-01 1.1513892e-06
1.0000000e+02 2.8653295e-01 5.6422817e+00 6.8392191e-03
1.0000000e+02 2.8653295e-01 4.9999998e+01 4.9132506e-06
1.0000000e+04 2.8653295e+00 5.6422819e+01 6.8422811e-03
1.0000000e+04 2.8653295e+00 4.9999999e+03 2.0657445e-06
1.0000000e+00 1.1111111e+00 6.4303909e-01 1.3975712e+01
1.0000000e+00 1.1111111e+00 5.0505650e-01 1.0113002e+00
1.0000000e+00 1.0010010e-02 5.6419425e-01 8.2740399e-04
1.0000000e+00 1.0010010e-02 4.9999998e-01 4.3734745e-06
1.0000000e+00 1.0001000e-03 5.6418965e-01 1.2354314e-05
1.0000000e+00 1.0001000e-03 5.0000002e-01 3.9549493e-06

==============================================================================================================
